Eigen Vector Matrix

[[ 3.50462958e-03  4.54451689e-03 -3.56270753e-03 ... -4.97681093e-04
   1.50981589e-03 -2.43335713e-03]
 [ 3.58315757e-03  4.43262885e-03 -3.63567982e-03 ...  1.01886309e-03
   2.38663574e-03 -3.27258631e-03]
 [ 3.59178057e-03  4.42313875e-03 -3.70456522e-03 ... -6.46891183e-04
   1.38848121e-03 -3.44429151e-03]
 ...
 [ 1.84376549e-04  1.35039970e-04 -3.13048119e-03 ...  3.32483877e-03
   3.32260372e-03 -6.61096651e-05]
 [ 1.80050187e-04  3.90986484e-05 -2.99700366e-03 ...  3.66423830e-03
   2.98944788e-03  1.45998579e-03]
 [ 1.49746653e-04  2.18842271e-04 -2.95327980e-03 ...  4.02318693e-03
   2.09762284e-03  1.53508828e-03]]